# label, id,  color_rgb
'background', 0, (0,0,0)
'bicycle', 1, (0,64,64)
'boat', 2, (64,64,192)
'breakwater', 3, (23,46,206)
'bridge', 4, (224,128,0)
'building', 5, (32,64,0)
'bus', 6, (32,64,128)
'canal', 7, (48,141,46)
'car', 8, (32,128,192)
'cliff', 9, (4,125,181)
'culvert', 10, (20,56,144)
'cypress_tree', 11, (12,51,91)
'dam', 12, (125,209,109)
'ditch', 13, (127,196,133)
'fence', 14, (32,224,128)
'fire_hydrant', 15, (224,224,0)
'fjord', 16, (73,218,110)
'flood', 17, (82,8,150)
'glaciers', 18, (56,86,248)
'hot_spring', 19, (23,113,200)
'lake', 20, (32,55,235)
'levee', 21, (42,174,171)
'lighthouse', 22, (160,128,96)
'mangrove', 23, (254,232,244)
'marsh', 24, (28,192,189)
'motorcycle', 25, (128,160,160)
'offshore_platform', 26, (118,164,54)
'parking_meter', 27, (192,32,224)
'person', 28, (192,96,96)
'pier', 29, (221,88,16)
'pipeline', 30, (169,86,134)
'pole', 31, (96,160,160)
'puddle', 32, (92,244,86)
'rapids', 33, (190,154,26)
'reservoir', 34, (58,83,207)
'river', 35, (160,96,224)
'river_delta', 36, (138,200,187)
'road', 37, (32,224,224)
'sea', 38, (80,128,128)
'ship', 39, (118,158,248)
'shoreline', 40, (254,54,89)
'sidewalk', 41, (16,128,64)
'sky', 42, (80,128,64)
'snow', 43, (16,64,64)
'spillway', 44, (24,139,177)
'swimming_pool', 45, (176,0,64)
'terrain', 46, (240,64,64)
'traffic_sign', 47, (80,32,128)
'train', 48, (80,160,128)
'truck', 49, (144,96,128)
'umbrella', 50, (208,96,128)
'vegetation', 51, (144,32,192)
'wall', 52, (208,32,192)
'water_tower', 53, (214,141,3)
'water_well', 54, (254,23,113)
'waterfall', 55, (39,24,186)
'wetland', 56, (84,91,147)